1.373400766945015894e+00
1.352127380920954636e+00
1.393783181275893179e+00
1.412514159313513540e+00
1.432008304467139004e+00
1.447391860060110114e+00
1.453887830328646213e+00
1.446681022072991540e+00
1.429255072283313277e+00
1.428899272190732761e+00
1.428899272190732761e+00
1.428899272190732761e+00
1.428899272190732761e+00
1.429255072283313277e+00
1.429255072283313277e+00
1.428899272190732761e+00
1.428899272190732761e+00
1.428899272190732761e+00
1.428899272190732761e+00
1.418589707000637690e+00
1.418589707000637690e+00
1.418146998399631542e+00
1.407854848184377339e+00
1.406207848932360616e+00
1.418589707000637690e+00
1.422814866046112847e+00
1.428179547234137647e+00
1.418146998399631542e+00
1.406762385771921364e+00
1.405647649380269870e+00
1.406207848932360616e+00
1.407854848184377339e+00
1.393783181275893179e+00
1.373400766945015894e+00
1.373400766945015894e+00
1.363020322802666717e+00
1.357175735508903136e+00
1.363020322802666717e+00
1.373400766945015894e+00
1.374355335358656616e+00
1.370451330766744302e+00
1.353422962223928883e+00
1.374355335358656616e+00
1.393783181275893179e+00
1.406207848932360616e+00
1.405647649380269870e+00
1.391665717538588254e+00
1.381524094887025766e+00
1.377138026350569922e+00
1.393783181275893179e+00
1.407854848184377339e+00
1.391665717538588254e+00
1.391665717538588254e+00
1.397151315212706635e+00
1.406207848932360616e+00
1.390942827002418447e+00
1.390942827002418447e+00
1.397151315212706635e+00
1.397151315212706635e+00
1.413980641450495845e+00
1.397151315212706635e+00
1.397151315212706635e+00
1.391665717538588254e+00
1.387961189801987905e+00
1.401559240058896316e+00
1.397151315212706635e+00
1.378928765309205495e+00
1.378928765309205495e+00
1.370451330766744302e+00
1.384826153400706694e+00
1.370451330766744302e+00
1.401559240058896316e+00
1.387192316515978074e+00
1.387192316515978074e+00
1.377138026350569922e+00
1.374355335358656616e+00
1.353422962223928883e+00
1.363020322802666717e+00
1.378928765309205495e+00
1.361889785574450729e+00
1.340854221607909125e+00
1.340854221607909125e+00
1.339318962824718184e+00
1.327635457571065825e+00
1.327635457571065825e+00
1.371449119094295011e+00
1.371449119094295011e+00
1.342359325028566142e+00
1.313982409374089499e+00
1.320109403671862136e+00
1.313982409374089499e+00
1.342359325028566142e+00
1.302689399543415227e+00
1.327635457571065825e+00
1.327635457571065825e+00
1.327635457571065825e+00
1.327635457571065825e+00
1.302689399543415227e+00
1.327635457571065825e+00
1.339318962824718184e+00
1.384826153400706694e+00
1.393783181275893179e+00
1.393783181275893179e+00
1.406762385771921364e+00
1.397151315212706635e+00
1.408392956743777846e+00
1.408392956743777846e+00
1.401559240058896316e+00
1.393783181275893179e+00
1.378928765309205495e+00
1.370451330766744302e+00
1.340854221607909125e+00
1.313982409374089499e+00
1.295153527578631225e+00
1.327635457571065825e+00
1.295153527578631225e+00
1.300246563816323642e+00
1.339318962824718184e+00
1.378928765309205495e+00
1.378928765309205495e+00
1.295153527578631225e+00
1.313982409374089499e+00
1.302689399543415227e+00
1.378928765309205495e+00
1.412514159313513540e+00
1.357175735508903136e+00
1.339318962824718184e+00
1.373400766945015894e+00
1.327635457571065825e+00
1.327635457571065825e+00
1.371449119094295011e+00
1.373400766945015894e+00
1.357175735508903136e+00
1.387192316515978074e+00
1.370451330766744302e+00
1.370451330766744302e+00
1.361889785574450729e+00
1.363020322802666717e+00
1.381524094887025766e+00
1.397151315212706635e+00
1.408392956743777846e+00
1.400950038711223034e+00
1.400950038711223034e+00
1.373400766945015894e+00
1.371449119094295011e+00
1.384826153400706694e+00
1.363020322802666717e+00
1.357175735508903136e+00
1.387192316515978074e+00
1.400950038711223034e+00
1.427815553272454796e+00
1.433000102149011523e+00
1.424799631669542821e+00
1.423218294986466903e+00
1.412514159313513540e+00
1.408392956743777846e+00
1.408392956743777846e+00
1.400950038711223034e+00
1.377138026350569922e+00
1.384826153400706694e+00
1.415874006924083162e+00
1.414935949088323985e+00
1.430994777476529700e+00
1.448549923278964258e+00
1.443709656245854678e+00
1.444973436383866661e+00
1.449453260701823787e+00
1.453887830328646213e+00
1.449453260701823787e+00
1.430994777476529700e+00
1.397151315212706635e+00
1.397151315212706635e+00
1.415874006924083162e+00
1.395827281129207842e+00
1.433000102149011523e+00
1.456773389483530190e+00
1.453687582228032404e+00
1.458405430438789896e+00
1.459455312453932674e+00
1.430994777476529700e+00
1.415874006924083162e+00
1.437064737384955215e+00
1.422814866046112847e+00
1.401559240058896316e+00
1.418589707000637690e+00
1.412514159313513540e+00
1.401559240058896316e+00
1.381524094887025766e+00
1.390942827002418447e+00
1.374355335358656616e+00
1.374355335358656616e+00
1.361889785574450729e+00
1.373400766945015894e+00
1.406207848932360616e+00
1.406207848932360616e+00
1.384826153400706694e+00
1.393783181275893179e+00
1.397151315212706635e+00
1.363020322802666717e+00
1.357175735508903136e+00
1.353422962223928883e+00
1.361889785574450729e+00
1.414935949088323985e+00
1.430994777476529700e+00
1.442932860839615250e+00
1.448549923278964258e+00
1.437064737384955215e+00
1.437064737384955215e+00
1.430994777476529700e+00
1.406762385771921364e+00
1.397151315212706635e+00
1.397151315212706635e+00
1.378928765309205495e+00
1.387961189801987905e+00
1.397151315212706635e+00
1.381524094887025766e+00
1.384826153400706694e+00
1.414935949088323985e+00
1.414935949088323985e+00
1.414935949088323985e+00
1.423218294986466903e+00
1.406207848932360616e+00
1.406207848932360616e+00
1.400950038711223034e+00
1.387961189801987905e+00
1.400950038711223034e+00
1.418589707000637690e+00
1.401559240058896316e+00
1.397151315212706635e+00
1.412514159313513540e+00
1.397151315212706635e+00
1.384826153400706694e+00
1.414935949088323985e+00
1.384826153400706694e+00
1.393783181275893179e+00
1.393783181275893179e+00
1.393783181275893179e+00
1.374355335358656616e+00
1.393783181275893179e+00
1.391665717538588254e+00
1.377138026350569922e+00
1.363020322802666717e+00
1.352127380920954636e+00
1.300246563816323642e+00
1.302689399543415227e+00
1.253133133812636135e+00
1.302689399543415227e+00
1.325817663668032553e+00
1.353422962223928883e+00
1.325817663668032553e+00
1.339318962824718184e+00
1.339318962824718184e+00
1.327635457571065825e+00
1.302689399543415227e+00
1.300246563816323642e+00
1.332855201964688430e+00
1.384826153400706694e+00
1.387192316515978074e+00
1.397151315212706635e+00
1.401559240058896316e+00
1.405647649380269870e+00
1.397151315212706635e+00
1.374355335358656616e+00
1.373400766945015894e+00
1.390942827002418447e+00
1.373400766945015894e+00
1.390942827002418447e+00
1.393783181275893179e+00
1.393783181275893179e+00
1.391665717538588254e+00
1.405647649380269870e+00
1.406207848932360616e+00
1.374355335358656616e+00
1.350808349399437169e+00
1.340854221607909125e+00
1.357175735508903136e+00
1.353422962223928883e+00
1.350808349399437169e+00
1.327635457571065825e+00
1.340854221607909125e+00
1.361889785574450729e+00
1.361889785574450729e+00
1.361889785574450729e+00
1.373400766945015894e+00
1.373400766945015894e+00
1.371449119094295011e+00
1.373400766945015894e+00
1.350808349399437169e+00
1.370451330766744302e+00
1.373400766945015894e+00
1.370451330766744302e+00
1.357175735508903136e+00
1.357175735508903136e+00
1.363020322802666717e+00
1.363020322802666717e+00
1.393783181275893179e+00
1.374355335358656616e+00
1.357175735508903136e+00
1.357175735508903136e+00
1.377138026350569922e+00
